6.02
6.024727
6.022171
6.018619
6.016404
6.015526
6.015589
6.016868
6.018865
6.020616
6.021109
6.020881
6.020882
6.020924
6.020908
6.020908
6.020908
6.020909
6.020921
6.020885
6.020892
6.02107
6.020631
6.018883
6.015887
6.012317
6.008938
6.006241
6.005469
6.007161
6.008874
6.010679
6.01404
6.016999
6.018297
6.018355
6.018442
6.01846
6.016817
6.015622
6.015848
6.014556
6.012971
6.013024
6.013233
6.013146
6.013142
6.01316
6.013154
6.013152
6.013157
6.013155
6.013138
6.013183
6.013187
6.012938
6.013455
6.015222
6.016958
6.018663
6.020481
6.021132
6.020892
6.020874
6.020923
6.020909
6.020921
6.020879
6.02089
6.02111
6.02055
6.018757
6.016712
6.015621
6.015725
6.015533
6.015932
6.017809
6.018403
6.018369
6.020058
6.021352
6.020953
6.019392
6.017634
6.015986
6.014066
6.013003
6.013142
6.012945
6.013438
6.015299
6.015941
6.015757
6.016015
6.01468
6.01315
6.014568
6.016602
6.018197
6.0203
6.020661
6.018671
6.016875
6.015199
6.013437
6.012937
6.01319
6.013182
6.013138
6.013156
6.013157
6.013153
6.013154
6.013155
6.013152
6.013153
6.01317
6.013127
6.01312
6.013364
6.012874
6.011122
6.009313
6.007715
6.006056
6.00431
6.002746
6.001953
6.001546
6.002739
6.004561
6.005744
6.005519
6.004045
6.002248
6.000615
5.998722
5.997493
5.997557
5.997702
5.997637
5.997635
5.997648
5.997644
5.997643
5.997644
5.997644
5.997644
5.997644
5.997644
5.997645
5.997642
5.997641
5.997659
5.997629
5.997593
5.997832
5.997534
5.995888
5.994109
5.992439
5.990506
5.989809
5.98993
5.988556
5.986639
5.985024
5.983148
5.981959
5.982047
5.982242
5.982079
5.981943
5.982947
5.984896
5.986713
5.987688
5.987314
5.985618
5.984316
5.984595
5.986255
5.987616
5.987488
5.986161
5.984201
5.982441
5.981932
5.98216
5.982157
5.982134
5.982129
5.982062
5.982321
5.98217
5.980448
5.979331
5.979539
5.97933
5.97999
5.981854
5.982287
5.982206
5.98247
5.980302
5.976494
5.973216
5.969612
5.966558
5.966044
5.967488
5.96915
5.969326
5.969288
5.969335
5.967798
5.966401
5.966531
5.96671
5.966597
5.966563
5.966813
5.966526
5.964894
5.963093
5.961441
5.95958
5.958617
5.958827
5.95914
5.958433
5.956628
5.95493
5.953188
5.951417
5.950913
5.951132
5.951084
5.951291
5.951038
5.949366
5.947819
5.946001
5.942401
5.940308
5.940712
5.940832
5.940829
5.940891
5.939723
5.937681
5.935919
5.935396
5.935633
5.935661
5.935526
5.935472
5.935936
5.934303
5.930597
5.927497
5.923238
5.918065
5.915622
5.914538
5.912817
5.910825
5.909624
5.909676
5.909758
5.909776
5.909952
5.909021
5.907127
5.90544
5.90376
5.902103
5.900726
5.898238
5.894735
5.892622
5.891223
5.8895
5.888011
5.886005
5.882677
5.878954
5.875928
5.874168
5.87281
5.870988
5.868087
5.863579
5.85849
5.85495
5.851569
5.848121
5.847319
5.847766
5.847677
5.848014
5.847445
5.84426
5.839577
5.834461
5.829436
5.824464
5.819439
5.814368
5.809533
5.804496
5.798149
5.791177
5.784509
5.778532
5.774765
5.773331
5.770679
5.767168
5.764193
5.758841
5.751825
5.745648
5.736826
5.72441
5.71108
5.697697
5.684343
5.670919
5.6577
5.644416
5.629827
5.614604
5.599648
5.584242
5.569698
5.557773
5.547305
5.540049
5.539081
5.54117
5.544808
5.551279
5.557698
5.562488
5.56755
5.572242
5.575547
5.577885
5.578917
5.578756
5.579645
5.581602
5.583298
5.584897
5.586591
5.588299
5.589862
5.591556
5.593728
5.594147
5.592201
5.590639
5.588483
5.584927
5.582784
5.581098
5.577774
5.574186
5.570945
5.567668
5.56411
5.560882
5.558998
5.557576
5.555859
5.554019
5.552693
5.551161
5.546809
5.541737
5.538469
5.535365
5.531919
5.52856
5.525312
5.521904
5.518297
5.515943
5.514392
5.511402
5.507646
5.504353
5.502148
5.501145
5.501175
5.501754
5.500927
5.497538
5.493881
5.490673
5.487363
5.483904
5.48064
5.477659
5.473115
5.46805
5.466086
5.464119
5.460518
5.458533
5.456719
5.453266
5.449784
5.446465
5.443011
5.440433
5.439235
5.439172
5.43932
5.439275
5.439238
5.43933
5.439314
5.438905
5.439898
5.443427
5.448695
5.457153
5.469079
5.480298
5.489565
5.496861
5.49985
5.498628
5.495403
5.491861
5.488573
5.485214
5.481955
5.478614
5.474337
5.468204
5.45977
5.449314
5.436388
5.421245
5.406509
5.394133
5.385167
5.379879
5.377205
5.375407
5.37406
5.372281
5.368951
5.36603
5.364546
5.363001
5.361249
5.359587
5.357931
5.356253
5.35458
5.352928
5.351239
5.349516
5.34806
5.346246
5.343057
5.339563
5.336257
5.332638
5.330028
5.328529
5.32577
5.322008
5.318592
5.316361
5.315004
5.3135
5.310784
5.307244
5.303937
5.300432
5.297197
5.295378
5.293772
5.292073
5.291655
5.292079
5.292116
5.290698
5.289082
5.28773
5.283515
5.278531
5.275617
5.270074
5.263352
5.260218
5.255407
5.248367
5.244448
5.241567
5.23811
5.235961
5.234694
5.23306
5.23029
5.226784
5.224188
5.222284
5.222184
5.222353
5.221546
5.21954
5.216373
5.212696
5.209449
5.207463
5.20617
5.204491
5.201513
5.19795
5.194632
5.191309
5.187978
5.184681
5.181111
5.178013
5.176279
5.174732
5.17305
5.171659
5.169078
5.165596
5.163645
5.162039
5.160252
5.160297
5.15962
5.1561
5.152734
5.149128
5.143959
5.139771
5.13668
5.133186
5.130553
5.12913
5.127743
5.125353
5.121861
5.118274
5.115371
5.113721
5.113549
5.113427
5.111839
5.108915
5.105412
5.102063
5.098761
5.095406
5.092043
5.088775
5.085408
5.081751
5.079269
5.077766
5.074634
5.071531
5.070004
5.068287
5.066878
5.066856
5.067284
5.066935
5.065259
5.063694
5.061884
5.058442
5.055805
5.054322
5.051366
5.047698
5.044403
5.04119
5.03766
5.034181
5.032283
5.030413
5.026904
5.024412
5.022982
5.021107
5.02036
5.020506
5.019343
5.016615
5.013172
5.010105
5.006041
5.000831
4.997239
4.993655
4.988444
4.984386
4.981298
4.977807
4.975296
4.973926
4.972501
4.969961
4.966438
4.963039
4.959759
4.956409
4.953039
4.949754
4.946442
4.942766
4.939975
4.938533
4.935593
4.932392
4.931073
4.9276
4.922242
4.918708
4.915542
4.912175
4.910127
4.908928
4.907247
4.903952
4.901013
4.899543
4.896872
4.893231
4.889933
4.88644
4.883302
4.881501
4.880226
4.878373
4.875244
4.871571
4.868301
4.866111
4.865259
4.865356
4.865391
4.865432
4.865519
4.864634
4.862413
4.859125
4.855453
4.852351
4.850524
4.849249
4.847421
4.844258
4.840769
4.837466
4.833842
4.831177
4.829684
4.826949
4.823258
4.819886
4.816915
4.813156
4.807944
4.803969
4.800684
4.795629
4.791172
4.788081
4.784658
4.781722
4.780206
4.779947
4.780116
4.780099
4.780074
4.780087
4.780086
4.780084
4.780085
4.780086
4.780082
4.780085
4.780098
4.780057
4.780068
4.780264
4.779755
4.777971
4.775235
4.771118
4.765946
4.761954
4.758918
4.755595
4.752113
4.748881
4.745833
4.741288
4.736272
4.733271
4.728399
4.721372
4.717362
4.714307
4.710759
4.710045
4.710139
4.708382
4.706479
4.704911
4.703244
4.701555
4.69989
4.698216
4.696563
4.694885
4.693131
4.691688
4.690016
4.686713
4.68381
4.682346
4.679623
4.675983
4.672689
4.669189
4.666084
4.664314
4.663048
4.661152
4.657949
4.654414
4.651121
4.647798
4.644443
4.641105
4.637767
4.634426
4.631085
4.627747
4.624404
4.62106
4.617743
4.614379
4.610968
4.60791
4.604386
4.599255
4.59499
4.591828
4.586991
4.582211
4.579031
4.576156
4.572136
4.566946
4.563007
4.559856
4.556312
4.554117
4.552485
4.549278
4.545678
4.54241
4.539095
4.535717
4.532383
4.529133
4.525596
4.522171
4.520372
4.518382
4.514823
4.512606
4.510961
4.507669
4.504083
4.500825
4.497497
4.494137
4.490802
4.487464
4.484122
4.480782
4.477447
4.474096
4.47075
4.467479
4.464029
4.460536
4.458301
4.456796
4.45495
4.454145
4.454368
4.454355
4.45448
4.454441
4.453049
4.451143
4.449511
4.44787
4.446182
4.444514
4.442845
4.441176
4.43951
4.437819
4.43617
4.434569
4.432634
4.431122
4.431179
4.430618
4.428738
4.427276
4.424945
4.421415
4.419271
4.417765
4.415923
4.415562
4.415481
4.413782
4.412164
4.41032
4.406894
4.404166
4.402749
4.401097
4.399512
4.397852
4.394905
4.391229
4.387871
4.385451
4.384531
4.384704
4.383678
4.381817
4.380362
4.377614
4.374202
4.372346
4.370946
4.36921
4.367517
4.365867
4.364194
4.362527
4.360847
4.359168
4.357581
4.355784
4.353922
4.353524
4.353489
4.351846
4.350193
4.348423
4.345065
4.34218
4.340754
4.339429
4.337064
4.333601
4.330245
4.32681
4.323328
4.32134
4.319582
4.316253
4.312693
4.309432
4.306106
4.302732
4.299405
4.296132
4.292603
4.289282
4.287358
4.285773
4.284008
4.283574
4.283753
4.283648
4.284453
4.286686
4.29001
4.293445
4.29677
4.300223
4.303164
4.306675
4.312974
4.319864
4.326453
4.334812
4.342553
4.348893
4.35836
4.368006
4.374389
4.38222
4.390371
4.395341
4.400774
4.407832
4.414663
4.420992
4.427771
4.436191
4.443913
4.450377
4.458615
4.466478
4.472798
4.482088
4.491935
4.498539
4.505126
4.511611
4.516328
4.522832
4.531674
4.540157
4.548322
4.55671
4.56532
4.573063
4.579616
4.586268
4.592863
4.599391
4.60741
4.615678
4.622366
4.628903
4.635588
4.641997
4.64975
4.658176
4.664842
4.672091
4.680651
4.687794
4.694139
4.700853
4.707648
4.714187
4.720725
4.728551
4.737048
4.745194
4.754579
4.764713
4.773463
4.780745
4.787305
4.794004
4.800562
4.807219
4.815187
4.823792
4.832126
4.84036
4.848852
4.857385
4.864493
4.871171
4.879376
4.888202
4.89632
4.903058
4.909842
4.916492
4.921245
4.927413
4.936115
4.943202
4.949969
4.958428
4.966915
4.975262
4.983773
4.99115
4.997594
5.004251
5.010972
5.017645
5.024378
5.030898
5.037597
5.04557
5.054289
5.062661
5.069838
5.076147
5.082683
5.09073
5.098993
5.105696
5.11222
5.118918
5.125365
5.132949
5.141452
5.148788
5.154214
5.160931
5.170318
5.179877
5.187382
5.192734
5.200229
5.206702
5.214505
5.222882
5.229619
5.236119
5.242826
5.249248
5.256851
5.265338
5.272415
5.278652
5.285357
5.293295
5.30198
5.310398
5.317648
5.323979
5.330464
5.338435
5.346754
5.353499
5.360077
5.36674
5.372866
5.381343
5.391652
5.399091
5.405173
5.411939
5.418707
5.425321
5.431984
5.438833
5.445289
5.451544
5.460623
5.470679
5.477596
5.483901
5.490651
5.496785
5.505146
5.515481
5.523009
5.529082
5.535836
5.54261
5.549226
5.555884
5.562731
5.569211
5.575436
5.584418
5.59453
5.601537
5.607754
5.614541
5.620974
5.62841
5.636929
5.644164
5.650366
5.656967
5.665116
5.673289
5.679918
5.686554
5.693138
5.69934
5.708213
5.718377
5.725459
5.731657
5.738445
5.744879
5.752268
5.760791
5.768071
5.774282
5.780854
5.788965
5.797175
5.80383
5.810452
5.817057
5.823234
5.832018
5.842221
5.849359
5.855601
5.862381
5.868506
5.876578
5.886954
5.894754
5.900812
5.907527
5.91432
5.92094
5.927588
5.934426
5.940972
5.947118
5.955826
5.966062
5.973278
5.979502
5.98629
5.992415
6.000395
6.010777
6.018647
6.024742
6.03149
6.037984
6.044969
6.05345
6.061079
6.067477
6.07411
6.08085
6.087517
6.09425
6.100786
6.107444
6.115349
6.124061
6.132477
6.139697
6.146061
6.152602
6.160284
6.168912
6.177459
6.184956
6.191392
6.197743
6.205392
6.21387
6.220915
6.227311
6.234036
6.240705
6.247452
6.254216
6.260016
6.264461
6.267823
6.270973
6.274418
6.277979
6.280434
6.281923
6.283707
6.284913
6.284723
6.283305
6.281428
6.279762
6.278357
6.276256
6.272874
6.269373
6.266111
6.262807
6.259301
6.256092
6.253312
6.247929
6.241041
6.237383
6.233801
6.228526
6.224661
6.221667
6.218289
6.214912
6.211577
6.208209
6.20503
6.201503
6.196751
6.19063
6.183808
6.177188
6.17026
6.16365
6.158859
6.152803
6.144131
6.135848
6.127045
6.116837
6.107777
6.09977
6.091463
6.082825
6.074728
6.067974
6.061436
6.05473
6.04824
6.040929
6.032393
6.023612
6.016143
6.009662
6.00128
5.993662
5.988942
5.982876
5.976201
5.971328
5.965611
5.958617
5.951898
5.945277
5.938585
5.931968
5.925104
5.918426
5.913178
5.908179
5.903021
5.89975
5.895713
5.888763
5.883143
5.87809
5.871117
5.866
5.863196
5.85999
5.856382
5.853121
5.850413
5.845414
5.838398
5.834401
5.831056
5.825819
5.821652
5.818806
5.815679
5.81087
5.806064
5.803126
5.797836
5.790938
5.787192
5.78425
5.780822
5.778742
5.777504
5.775835
5.772863
5.769325
5.766023
5.762539
5.759434
5.757602
5.757029
5.757254
5.757477
5.756599
5.754734
5.753011
5.751397
5.749716
5.74804
5.746374
5.744704
5.743033
5.741363
5.739693
5.738023
5.736353
5.734683
5.733014
5.731343
5.729668
5.728015
5.726338
5.724589
5.723129
5.721468
5.718245
5.715185
5.713636
5.712133
5.710372
5.708694
5.707104
5.705353
5.703483
5.702767
5.702948
5.702794
5.703423
5.705314
5.707922
5.712819
5.719779
5.725392
5.729996
5.733633
5.732815
5.727816
5.721098
5.714442
5.707631
5.700344
5.696306
5.69523
5.69343
5.69247
5.692654
5.691448
5.689328
5.687655
5.687197
5.687536
5.687641
5.686485
5.684612
5.682982
5.681136
5.679651
5.679535
5.679741
5.679686
5.67967
5.679686
5.679683
5.679682
5.679683
5.679683
5.679682
5.679683
5.679683
5.679683
5.679683
5.679683
5.679683
5.679683
5.679682
5.679683
5.679683
5.679678
5.67969
5.679691
5.679626
5.679757
5.679846
5.678688
5.676766
5.675088
5.673532
5.671768
5.669872
5.669218
5.669346
5.668883
5.670507
5.674174
5.676225
5.677686
5.67945
5.679907
5.679637
5.679657
5.679704
5.679677
5.679665
5.679731
5.679669
5.679459
5.680334
5.682194
5.68379
5.685767
5.68741
5.686305
5.684341
5.682809
5.679738
5.676547
5.674941
5.673471
5.671711
5.670025
5.668432
5.666705
5.664819
5.663969
5.66416
5.664159
5.664269
5.664285
5.662958
5.661083
5.659463
5.657564
5.656304
5.656381
5.656245
5.656526
5.658335
5.659243
5.659002
5.659166
5.658478
5.656603
5.654839
5.653276
5.651602
5.649697
5.648485
5.648538
5.648917
5.648488
5.646802
5.645038
5.643363
5.641502
5.640683
5.6409
5.640963
5.640868
5.640887
5.641071
5.640627
5.63888
5.63588
5.632316
5.628944
5.626198
5.625494
5.627316
5.628247
5.627981
5.628201
5.627248
5.625456
5.6252
5.625421
5.625368
5.625699
5.624896
5.621467
5.615561
5.608372
5.601522
5.596529
5.594274
5.594341
5.593906
5.591746
5.588472
5.585072
5.581738
5.578086
5.575607
5.574108
5.570893
5.567961
5.566549
5.563383
5.560498
5.560591
5.560684
5.560857
5.562639
5.563642
5.563359
5.563299
5.563375
5.563358
5.563352
5.563355
5.563353
5.56337
5.563337
5.563308
5.563551
5.563203
5.561526
5.559746
5.558078
5.556213
5.555382
5.555592
5.555629
5.555617
5.555624
5.555384
5.555957
5.557749
5.559476
5.561186
5.562974
5.563626
5.563299
5.563118
5.564118
5.565998
5.567698
5.569317
5.571001
5.572675
5.574341
5.576012
5.577682
5.579352
5.581022
5.582693
5.584361
5.586028
5.587715
5.589366
5.590986
5.592869
5.594379
5.594531
5.594319
5.59437
5.594389
5.594372
5.594375
5.594377
5.594376
5.594376
5.594376
5.594376
5.594376
5.594376
5.594376
5.594376
5.594376
5.594376
5.594376
5.594376
5.594376
5.594375
5.594378
5.594379
5.594361
5.594393
5.594424
5.594183
5.594515
5.596182
5.597966
5.599631
5.601498
5.602351
5.602143
5.602085
5.602146
5.602134
5.602128
5.602131
5.602131
5.602135
5.602127
5.602117
5.602185
5.6021
5.601905
5.602913
5.604746
5.606178
5.60879
5.612257
5.614184
5.615714
5.617447
5.617913
5.617515
5.617455
5.618683
5.620551
5.622178
5.624033
5.625466
5.625545
5.625295
5.625394
5.625632
5.624851
5.623004
5.621325
5.61956
5.617847
5.617437
5.617684
5.617664
5.617625
5.617644
5.617647
5.617628
5.617645
5.6177
5.617492
5.617613
5.619104
5.620946
5.622577
5.624466
5.62558
5.625458
5.625341
5.625407
5.625402
5.625396
5.625395
5.625382
5.62544
5.625389
5.62518
5.625994
5.627864
5.629596
5.631202
5.632883
5.634578
5.636206
5.637856
5.639769
5.641038
5.641005
5.640848
5.640912
5.640916
5.640903
5.640907
5.640908
5.640907
5.640907
5.640907
5.640907
5.640907
5.640907
5.640907
5.640907
5.640908
5.640906
5.640903
5.64092
5.640902
5.640849
5.64106
5.640923
5.639416
5.637575
5.635943
5.634072
5.632938
5.633057
5.633418
5.632884
5.631146
5.629407
5.62771
5.625876
5.625172
5.625407
5.625441
5.625368
5.625392
5.625476
5.625247
5.625266
5.626871
5.628181
5.62802
5.628129
5.62776
5.626007
5.624406
5.62251
5.619209
5.615674
5.612399
5.609069
5.605712
5.602376
5.599042
5.595688
5.592348
5.589076
5.585596
5.582169
5.580321
5.582189
5.588725
5.597679
5.608365
5.620412
5.630227
5.635721
5.636837
5.634058
5.628604
5.622151
5.6151
5.608381
5.603658
5.597556
5.587378
5.575613
5.560542
5.540434
5.52027
5.502875
5.488723
5.478433
5.472959
5.47313
5.47795
5.484943
5.491739
5.503568
5.522618
5.542601
5.563043
5.586196
5.613154
5.642185
5.671713
5.704511
5.734906
5.754396
5.770423
5.787295
5.802829
5.816949
5.830205
5.842744
5.85297
5.859539
5.862734
5.863095
5.861442
5.859125
5.858065
5.859543
5.862131
5.865857
5.871987
5.880048
5.888419
5.8953
5.901947
5.908698
5.913752
5.919243
5.926203
5.930874
5.933424
5.93532
5.935441
5.935735
5.938942
5.942589
5.945882
5.949685
5.951445
5.951109
5.952104
5.954707
5.958117
5.961681
5.964675
5.966418
5.966588
5.966749
5.96842
5.970235
5.97189
5.973758
5.974589
5.974386
5.974393
5.974275
5.97428
5.975643
5.977505
5.979123
5.98107
5.982217
5.982041
5.982987
5.984944
5.986581
5.988392
5.989911
5.990101
5.989691
5.989829
5.991296
5.993131
5.994761
5.996655
5.99781
5.997705
5.99764
5.997603
5.99746
5.998493
6.000406
6.002093
6.003708
6.005397
6.007085
6.008701
6.010387
6.012295
6.013344
6.013205
6.0131
6.013167
6.013163
6.013136
6.013166
6.013209
6.012977
6.013216
6.014817
6.016622
6.018272
6.020175
6.021078
6.02091
6.021134
6.020464
6.018611
6.018074
6.01836
6.018313
6.018466
6.018214
6.016652
6.014372
6.013158
6.014574
6.016769
6.018268
6.01873
6.017739
6.015949
6.015251
6.016187
6.017982
6.018757
6.018088
6.016427
6.014419
6.013077
6.013035
6.013213
6.013153
6.013129
6.013192
6.01317
6.012945
6.013559
6.015374
6.017308
6.018566
6.01859
6.017123
6.015551
6.015433
6.016599
6.018492
6.020354
6.021156
6.020915
6.020661
6.021423
6.023271
6.025191
6.026343
6.026254
6.024958
6.022984
6.021221
6.020707
6.020936
6.020938
6.020894
6.02091
6.020913
6.020906
6.020909
6.020925
6.020879
6.020885
6.021115
6.020576
6.0188
6.016849
6.015536
6.015432
6.016851
6.018454
6.018609
6.017244
6.018
6.019