elevation_quadratic
9.529
9.536030032
9.543051491
9.550064377
9.557068691
9.564064432
9.5710516
9.578030195
9.585000218
9.591961668
9.598914545
9.60585885
9.612794582
9.619721741
9.626640327
9.633550341
9.640451782
9.64734465
9.654228945
9.661104668
9.667971818
9.674830395
9.6816804
9.688521832
9.695354691
9.702178977
9.708994691
9.715801832
9.7226004
9.729390395
9.736171818
9.742944668
9.749708945
9.75646465
9.763211782
9.769950341
9.776680327
9.783401741
9.790114582
9.79681885
9.803514545
9.810201668
9.816880218
9.823550195
9.8302116
9.836864432
9.843508691
9.850144377
9.856771491
9.863390032
9.87
9.8750758
9.8800832
9.8850222
9.8898928
9.894695
9.8994288
9.9040942
9.9086912
9.9132198
9.91768
9.9220718
9.9263952
9.9306502
9.9348368
9.938955
9.9430048
9.9469862
9.9508992
9.9547438
9.95852
9.9622278
9.9658672
9.9694382
9.9729408
9.976375
9.9797408
9.9830382
9.9862672
9.9894278
9.99252
9.9955438
9.9984992
10.0013862
10.0042048
10.006955
10.0096368
10.0122502
10.0147952
10.0172718
10.01968
10.0220198
10.0242912
10.0264942
10.0286288
10.030695
10.0326928
10.0346222
10.0364832
10.0382758
10.04
10.043502
10.047008
10.050518
10.054032
10.05755
10.061072
10.064598
10.068128
10.071662
10.0752
10.078742
10.082288
10.085838
10.089392
10.09295
10.096512
10.100078
10.103648
10.107222
10.1108
10.114382
10.117968
10.121558
10.125152
10.12875
10.132352
10.135958
10.139568
10.143182
10.1468
10.150422
10.154048
10.157678
10.161312
10.16495
10.168592
10.172238
10.175888
10.179542
10.1832
10.186862
10.190528
10.194198
10.197872
10.20155
10.205232
10.208918
10.212608
10.216302
10.22
10.21321455
10.20602182
10.19842182
10.19041455
10.182
10.173416
10.164504
10.155264
10.145696
10.1358
10.125576
10.115024
10.104144
10.092936
10.0814
10.069536
10.057344
10.044824
10.031976
10.0188
10.005296
9.991464
9.977304
9.962816
9.948
9.932856
9.917384
9.901584
9.885456
9.869
9.852216
9.835104
9.817664
9.799896
9.7818
9.763376
9.744624
9.725544
9.706136
9.6864
9.666336
9.645944
9.625224
9.604176
9.5828
9.561096
9.539064
9.516704
9.494016
9.471
9.454183158
9.437322105
9.420416842
9.403467368
9.386473684
9.369435789
9.352353684
9.335227368
9.318056842
9.300842105
9.283583158
9.26628
9.248932632
9.231541053
9.214105263
9.196625263
9.179101053
9.161532632
9.14392
9.126263158
9.108562105
9.090816842
9.073027368
9.055193684
9.037315789
9.019393684
9.001427368
8.983416842
8.965362105
8.947263158
8.92912
8.910932632
8.892701053
8.874425263
8.856105263
8.837741053
8.819332632
8.80088
8.782383158
8.763842105
8.745256842
8.726627368
8.707953684
8.689235789
8.670473684
8.651667368
8.632816842
8.613922105
8.594983158
8.576
8.556152727
8.536229091
8.516229091
8.496152727
8.476
8.455272
8.434301333
8.413088
8.391632
8.369933333
8.347992
8.325808
8.303381333
8.280712
8.2578
8.234645333
8.211248
8.187608
8.163725333
8.1396
8.115232
8.090621333
8.065768
8.040672
8.015333333
7.989752
7.963928
7.937861333
7.911552
7.885
7.860776444
7.836508
7.812194667
7.787836444
7.763433333
7.738985333
7.714492444
7.689954667
7.665372
7.640744444
7.616072
7.591354667
7.566592444
7.541785333
7.516933333
7.492036444
7.467094667
7.442108
7.417076444
7.392
7.37118
7.350724762
7.330634286
7.310908571
7.291547619
7.272551429
7.25392
7.235653333
7.217751429
7.200214286
7.183041905
7.166234286
7.149791429
7.133713333
7.118
7.100977778
7.084111111
7.0674
7.050844444
7.034444444
7.0182
7.002111111
6.986177778
6.9704
6.954777778
6.939311111
6.924
6.908844444
6.893844444
6.879
6.864311111
6.849777778
6.8354
6.821177778
6.807111111
6.7932
6.779444444
6.765844444
6.7524
6.739111111
6.725977778
6.713
6.700177778
6.687511111
6.675
6.66888381
6.663325714
6.658325714
6.65388381
6.65
6.6432
6.6358
6.6278
6.6192
6.61
6.6002
6.5898
6.5788
6.5672
6.555
6.5422
6.5288
6.5148
6.5002
6.485
6.4692
6.4528
6.4358
6.4182
6.4
6.3812
6.3618
6.3418
6.3212
6.3
6.288496
6.277184
6.266064
6.255136
6.2444
6.233856
6.223504
6.213344
6.203376
6.1936
6.184016
6.174624
6.165424
6.156416
6.1476
6.138976
6.130544
6.122304
6.114256
6.1064
6.098736
6.091264
6.083984
6.076896
6.07
6.05846
6.04674
6.03484
6.02276
6.0105
5.99806
5.98544
5.97264
5.95966
5.9465
5.93316
5.91964
5.90594
5.89206
5.878
5.867732571
5.857781714
5.848147429
5.838829714
5.829828571
5.821144
5.812776
5.804724571
5.796989714
5.789571429
5.782469714
5.775684571
5.769216
5.763064
5.757228571
5.751709714
5.746507429
5.741621714
5.737052571
5.7328
5.728864
5.725244571
5.721941714
5.718955429
5.716285714
5.713932571
5.711896
5.710176
5.708772571
5.707685714
5.706915429
5.706461714
5.706324571
5.706504
5.707
5.709211429
5.711817143
5.714817143
5.718211429
5.722
5.724501333
5.726836444
5.729005333
5.731008
5.732844444
5.734514667
5.736018667
5.737356444
5.738528
5.739533333
5.740372444
5.741045333
5.741552
5.741892444
5.742066667
5.742074667
5.741916444
5.741592
5.741101333
5.740444444
5.739621333
5.738632
5.737476444
5.736154667
5.734666667
5.733012444
5.731192
5.729205333
5.727052444
5.724733333
5.722248
5.719596444
5.716778667
5.713794667
5.710644444
5.707328
5.703845333
5.700196444
5.696381333
5.6924
5.688252444
5.683938667
5.679458667
5.674812444
5.67
5.668143922
5.666257386
5.664340392
5.662392941
5.660415033
5.658406667
5.656367843
5.654298562
5.652198824
5.650068627
5.647907974
5.645716863
5.643495294
5.641243268
5.638960784
5.636647843
5.634304444
5.631930588
5.629526275
5.627091503
5.624626275
5.622130588
5.619604444
5.617047843
5.614460784
5.611843268
5.609195294
5.606516863
5.603807974
5.601068627
5.598298824
5.595498562
5.592667843
5.589806667
5.586915033
5.583992941
5.581040392
5.578057386
5.575043922
5.572
5.571395
5.57088
5.570455
5.57012
5.569875
5.56972
5.569655
5.56968
5.569795
5.57
5.5701575
5.57038
5.5706675
5.57102
5.5714375
5.57192
5.5724675
5.57308
5.5737575
5.5745
5.5753075
5.57618
5.5771175
5.57812
5.5791875
5.58032
5.5815175
5.58278
5.5841075
5.5855
5.5869575
5.58848
5.5900675
5.59172
5.5934375
5.59522
5.5970675
5.59898
5.6009575
5.603
5.6051075
5.60728
5.6095175
5.61182
5.6141875
5.61662
5.6191175
5.62168
5.6243075
5.627
5.6271745
5.627288
5.6273405
5.627332
5.6272625
5.627132
5.6269405
5.626688
5.6263745
5.626
5.626245714
5.626554286
5.626925714
5.62736
5.627857143
5.628417143
5.62904
5.629725714
5.630474286
5.631285714
5.63216
5.633097143
5.634097143
5.63516
5.636285714
5.637474286
5.638725714
5.64004
5.641417143
5.642857143
5.64436
5.645925714
5.647554286
5.649245714
5.651
5.6516256
5.6522224
5.6527904
5.6533296
5.65384
5.6543216
5.6547744
5.6551984
5.6555936
5.65596
5.6562976
5.6566064
5.6568864
5.6571376
5.65736
5.6575536
5.6577184
5.6578544
5.6579616
5.65804
5.6580896
5.6581104
5.6581024
5.6580656
5.658
5.648504
5.638256
5.627256
5.615504
5.603
5.597
5.592666667
5.59
5.589
5.589666667
5.592
5.596
5.601666667
5.609
5.618
5.628666667
5.641
5.655
5.670666667
5.688
5.707
5.727666667
5.75
5.774
5.799666667
5.827
5.856
5.886666667
5.919
5.953
5.964024444
5.97482
5.985386667
5.995724444
6.005833333
6.015713333
6.025364444
6.034786667
6.04398
6.052944444
6.06168
6.070186667
6.078464444
6.086513333
6.094333333
6.101924444
6.109286667
6.11642
6.123324444
6.13
6.135835
6.141382857
6.146643571
6.151617143
6.156303571
6.160702857
6.164815
6.16864
6.172177857
6.175428571
6.178392143
6.181068571
6.183457857
6.18556
6.187375
6.188902857
6.190143571
6.191097143
6.191763571
6.192142857
6.192235
6.19204
6.191557857
6.190788571
6.189732143
6.188388571
6.186757857
6.18484
6.182635
6.180142857
6.177363571
6.174297143
6.170943571
6.167302857
6.163375
6.15916
6.154657857
6.149868571
6.144792143
6.139428571
6.133777857
6.12784
6.121615
6.115102857
6.108303571
6.101217143
6.093843571
6.086182857
6.078235
6.07
6.068765714
6.067530084
6.066293109
6.06505479
6.063815126
6.062574118
6.061331765
6.060088067
6.058843025
6.057596639
6.056348908
6.055099832
6.053849412
6.052597647
6.051344538
6.050090084
6.048834286
6.047577143
6.046318655
6.045058824
6.043797647
6.042535126
6.041271261
6.04000605
6.038739496
6.037471597
6.036202353
6.034931765
6.033659832
6.032386555
6.031111933
6.029835966
6.028558655
6.02728
6.026
6.015664
6.004823619
5.993478857
5.981629714
5.96927619
5.956418286
5.943056
5.929189333
5.914818286
5.899942857
5.884563048
5.868678857
5.852290286
5.835397333
5.818
5.809287912
5.801220147
5.793796703
5.787017582
5.780882784
5.775392308
5.770546154
5.766344322
5.762786813
5.759873626
5.757604762
5.75598022
5.755
5.7490288
5.742896878
5.736604236
5.730150873
5.723536789
5.716761984
5.709826459
5.702730212
5.695473244
5.688055556
5.680477146
5.672738016
5.664838164
5.656777592
5.648556299
5.640174285
5.63163155
5.622928094
5.614063917
5.605039019
5.5958534
5.586507061
5.577
5.571130267
5.565416317
5.55985815
5.554455766
5.549209166
5.544118348
5.539183314
5.534404062
5.529780594
5.525312909
5.521001007
5.516844888
5.512844553
5.509
5.505954832
5.503151261
5.500589286
5.498268908
5.496190126
5.494352941
5.492757353
5.491403361
5.490290966
5.489420168
5.488790966
5.488403361
5.488257353
5.488352941
5.488690126
5.489268908
5.490089286
5.491151261
5.492454832
5.494
5.490597
5.486941333
5.483033
5.478872
5.474458333
5.469792
5.464873
5.459701333
5.454277
5.4486
5.442670333
5.436488
5.430053
5.423365333
5.416425
5.409232
5.401786333
5.394088
5.386137
5.377933333
5.369477
5.360768
5.351806333
5.342592
5.333125
5.323405333
5.313433
5.303208
5.292730333
5.282
5.279325
5.276933333
5.274825
5.273
5.271458333
5.2702
5.269225
5.268533333
5.268125
5.268
5.268158333
5.2686
5.269325
5.270333333
5.271625
5.2732
5.275058333
5.2772
5.279625
5.282333333
5.285325
5.2886
5.292158333
5.296
5.300125
5.304533333
5.309225
5.3142
5.319458333
5.325
5.316399667
5.307152
5.297257
5.286714667
5.275525
5.263688
5.251203667
5.238072
5.224293
5.209866667
5.194793
5.179072
5.162703667
5.145688
5.128025
5.109714667
5.090757
5.071152
5.050899667
5.03
5.019389333
5.009172889
4.999350667
4.989922667
4.980888889
4.972249333
4.964004
4.956152889
4.948696
4.941633333
4.934964889
4.928690667
4.922810667
4.917324889
4.912233333
4.907536
4.903232889
4.899324
4.895809333
4.892688889
4.889962667
4.887630667
4.885692889
4.884149333
4.883
4.87816
4.8734
4.86872
4.86412
4.8596
4.85516
4.8508
4.84652
4.84232
4.8382
4.83416
4.8302
4.82632
4.82252
4.8188
4.81516
4.8116
4.80812
4.80472
4.8014
4.79816
4.795
4.79192
4.78892
4.786
4.7812464
4.7764256
4.7715376
4.7665824
4.76156
4.7564704
4.7513136
4.7460896
4.7407984
4.73544
4.7300144
4.7245216
4.7189616
4.7133344
4.70764
4.7018784
4.6960496
4.6901536
4.6841904
4.67816
4.6720624
4.6658976
4.6596656
4.6533664
4.647
4.6408992
4.6347568
4.6285728
4.6223472
4.61608
4.6097712
4.6034208
4.5970288
4.5905952
4.58412
4.5776032
4.5710448
4.5644448
4.5578032
4.55112
4.5443952
4.5376288
4.5308208
4.5239712
4.51708
4.5101472
4.5031728
4.4961568
4.4890992
4.482
4.476259733
4.4705856
4.4649776
4.459435733
4.45396
4.4485504
4.443206933
4.4379296
4.4327184
4.427573333
4.4224944
4.4174816
4.412534933
4.4076544
4.40284
4.398091733
4.3934096
4.3887936
4.384243733
4.37976
4.3753424
4.370990933
4.3667056
4.3624864
4.358333333
4.3542464
4.3502256
4.346270933
4.3423824
4.33856
4.334803733
4.3311136
4.3274896
4.323931733
4.32044
4.3170144
4.313654933
4.3103616
4.3071344
4.303973333
4.3008784
4.2978496
4.294886933
4.2919904
4.28916
4.286395733
4.2836976
4.2810656
4.278499733
4.276
4.2715536
4.2670944
4.2626224
4.2581376
4.25364
4.2491296
4.2446064
4.2400704
4.2355216
4.23096
4.2263856
4.2217984
4.2171984
4.2125856
4.20796
4.2033216
4.1986704
4.1940064
4.1893296
4.18464
4.1799376
4.1752224
4.1704944
4.1657536
4.161
4.1562336
4.1514544
4.1466624
4.1418576
4.13704
4.1322096
4.1273664
4.1225104
4.1176416
4.11276
4.1078656
4.1029584
4.0980384
4.0931056
4.08816
4.0832016
4.0782304
4.0732464
4.0682496
4.06324
4.0582176
4.0531824
4.0481344
4.0430736
4.038
4.032162462
4.026282667
4.020360615
4.014396308
4.008389744
4.002340923
3.996249846
3.990116513
3.983940923
3.977723077
3.971462974
3.965160615
3.958816
3.952429128
3.946
3.939552762
3.933066286
3.926540571
3.919975619
3.913371429
3.906728
3.900045333
3.893323429
3.886562286
3.879761905
3.872922286
3.866043429
3.859125333
3.852168
3.845171429
3.838135619
3.831060571
3.823946286
3.816792762
3.8096
3.802368
3.795096762
3.787786286
3.780436571
3.773047619
3.765619429
3.758152
3.750645333
3.743099429
3.735514286
3.727889905
3.720226286
3.712523429
3.704781333
3.697
3.689371429
3.681714286
3.674028571
3.666314286
3.658571429
3.6508
3.643
3.635171429
3.627314286
3.619428571
3.611514286
3.603571429
3.5956
3.5876
3.579571429
3.571514286
3.563428571
3.555314286
3.547171429
3.539
3.532038
3.525165333
3.518382
3.511688
3.505083333
3.498568
3.492142
3.485805333
3.479558
3.4734
3.467331333
3.461352
3.455462
3.449661333
3.44395
3.438328
3.432795333
3.427352
3.421998
3.416733333
3.411558
3.406472
3.401475333
3.396568
3.39175
3.387021333
3.382382
3.377832
3.373371333
3.369
3.378998667
3.390008
3.402028
3.415058667
3.4291
3.444152
3.460214667
3.477288
3.495372
3.514466667
3.534572
3.555688
3.577814667
3.600952
3.6251
3.650258667
3.676428
3.703608
3.731798667
3.761
3.789364
3.818562667
3.848596
3.879464
3.911166667
3.943704
3.977076
4.011282667
4.046324
4.0822
4.118910667
4.156456
4.194836
4.234050667
4.2741
4.314984
4.356702667
4.399256
4.442644
4.486866667
4.531924
4.577816
4.624542667
4.672104
4.7205
4.769730667
4.819796
4.870696
4.922430667
4.975
5.019550037
5.064363516
5.10944044
5.154780806
5.200384615
5.246251868
5.292382564
5.338776703
5.385434286
5.432355311
5.47953978
5.526987692
5.574699048
5.622673846
5.670912088
5.719413773
5.768178901
5.817207473
5.866499487
5.916054945
5.965873846
6.01595619
6.066301978
6.116911209
6.167783883
6.21892
6.27031956
6.321982564
6.373909011
6.426098901
6.478552234
6.531269011
6.584249231
6.637492894
6.691
6.741208
6.791481524
6.841820571
6.892225143
6.942695238
6.993230857
7.043832
7.094498667
7.145230857
7.196028571
7.24689181
7.297820571
7.348814857
7.399874667
7.451
7.501453333
7.55188
7.60228
7.652653333
7.703
7.75332
7.803613333
7.85388
7.90412
7.954333333
8.00452
8.05468
8.104813333
8.15492
8.205
8.255053333
8.30508
8.35508
8.405053333
8.455
8.50492
8.554813333
8.60468
8.65452
8.704333333
8.75412
8.80388
8.853613333
8.90332
8.953
9.002653333
9.05228
9.10188
9.151453333
9.201
9.25052
9.300013333
9.34948
9.39892
9.448333333
9.49772
9.54708
9.596413333
9.64572
9.695
9.744989333
9.794984
9.844984
9.894989333
9.945
9.994179636
10.04308582
10.09171855
10.14007782
10.18816364
10.235976
10.28351491
10.33078036
10.37777236
10.42449091
10.470936
10.51710764
10.56300582
10.60863055
10.65398182
10.69905964
10.743864
10.78839491
10.83265236
10.87663636
10.92034691
10.963784
11.00694764
11.04983782
11.09245455
11.13479782
11.17686764
11.218664
11.26018691
11.30143636
11.34241236
11.38311491
11.423544
11.46369964
11.50358182
11.54319055
11.58252582
11.62158764
11.660376
11.69889091
11.73713236
11.77510036
11.81279491
11.850216
11.88736364
11.92423782
11.96083855
11.99716582
12.03321964
12.069
12.09082036
12.11183055
12.13203055
12.15142036
12.17
12.187064
12.20308267
12.218056
12.231984
12.24486667
12.256704
12.267496
12.27724267
12.285944
12.2936
12.30021067
12.305776
12.310296
12.31377067
12.3162
12.317584
12.31792267
12.317216
12.315464
12.31266667
12.308824
12.303936
12.29800267
12.291024
12.283
12.27393067
12.263816
12.252656
12.24045067
12.2272
12.212904
12.19756267
12.181176
12.163744
12.14526667
12.125744
12.105176
12.08356267
12.060904
12.0372
12.01245067
11.986656
11.959816
11.93193067
11.903
11.87234933
11.840624
11.807824
11.77394933
11.739
11.70475467
11.67002756
11.63481867
11.599128
11.56295556
11.52630133
11.48916533
11.45154756
11.413448
11.37486667
11.33580356
11.29625867
11.256232
11.21572356
11.17473333
11.13326133
11.09130756
11.048872
11.00595467
10.96255556
10.91867467
10.874312
10.82946756
10.78414133
10.73833333
10.69204356
10.645272
10.59801867
10.55028356
10.50206667
10.453368
10.40418756
10.35452533
10.30438133
10.25375556
10.202648
10.15105867
10.09898756
10.04643467
9.9934
9.939883556
9.885885333
9.831405333
9.776443556
9.721
9.687187037
9.653853704
9.621
9.591587654
9.564135802
9.538644444
9.51511358
9.49354321
9.473933333
9.456283951
9.440595062
9.426866667
9.415098765
9.405291358
9.397444444
9.391558025
9.387632099
9.385666667
9.385661728
9.387617284
9.391533333
9.397409877
9.405246914
9.415044444
9.426802469
9.440520988
9.4562
9.473839506
9.493439506
9.515
9.513204413
9.511560993
9.51006974
9.508730654
9.507543735
9.506508983
9.505626399
9.504895981
9.50431773
9.503891647
9.50361773
9.503495981
9.503526399
9.503708983
9.504043735
9.504530654
9.50516974
9.505960993
9.506904413
9.508
9.506817
9.505554667
9.504213
9.502792
9.501291667
9.499712
9.498053
9.496314667
9.494497
9.4926
9.490623667
9.488568
9.486433
9.484218667
9.481925
9.479552
9.477099667
9.474568
9.471957
9.469266667
9.466497
9.463648
9.460719667
9.457712
9.454625
9.451458667
9.448213
9.444888
9.441483667
9.438
9.437981333
9.438112
9.438392
9.438821333
9.4394
9.440128
9.441005333
9.442032
9.443208
9.444533333
9.446008
9.447632
9.449405333
9.451328
9.4534
9.455621333
9.457992
9.460512
9.463181333
9.466
9.471455172
9.477296552
9.483524138
9.490137931
9.497137931
9.504524138
9.512296552
9.520455172
