0.009749007
-0.005271738
-0.007325337
-0.004569433
-0.001811632
0.000130388
0.002637425
0.004120626
0.00361057
0.001018414
-0.000471791
2.78E-06
8.63E-05
-3.20E-05
-1.56E-06
1.23E-06
1.61E-06
2.42E-05
-7.29E-05
1.29E-05
0.000367352
-0.000905401
-0.003604434
-0.006179656
-0.007363871
-0.006970126
-0.005563775
-0.001591801
0.003489347
0.003533368
0.003722967
0.006932959
0.006104134
0.00267779
0.000118425
0.000180875
3.64E-05
-0.003389164
-0.002464764
0.000465271
-0.002663975
-0.00327045
0.000110988
0.000431027
-0.000179962
-8.77E-06
3.75E-05
-1.25E-05
-4.34E-06
1.08E-05
-3.65E-06
-3.58E-05
9.22E-05
8.48E-06
-0.000512232
0.001065999
0.003643806
0.003581729
0.003515733
0.003750079
0.00134399
-0.000495503
-3.67E-05
9.98E-05
-2.73E-05
2.35E-05
-8.50E-05
2.14E-05
0.000453338
-0.001155189
-0.003697823
-0.004218865
-0.002250023
0.000215631
-0.0003976
0.000824561
0.003871241
0.001225101
-6.95E-05
0.003482275
0.002670419
-0.000822994
-0.003220038
-0.003627366
-0.003398088
-0.003959751
-0.00219274
0.000286586
-0.000407431
0.001016942
0.003839285
0.001323153
-0.000379268
0.000532792
-0.002753839
-0.003156699
0.002925182
0.004195347
0.003290292
0.004337442
0.000744629
-0.004104301
-0.003704512
-0.003457348
-0.003634823
-0.001031415
0.000522852
-1.73E-05
-9.05E-05
3.67E-05
2.37E-06
-8.30E-06
2.88E-06
2.77E-06
-8.09E-06
2.54E-06
3.51E-05
-8.81E-05
-1.37E-05
0.000502253
-0.001010778
-0.003612954
-0.003733117
-0.003295464
-0.003422225
-0.003601378
-0.003227066
-0.001634429
-0.000840254
0.002460643
0.003758942
0.002441371
-0.000463559
-0.003042348
-0.003706022
-0.0033695
-0.003903588
-0.002535562
0.000130951
0.000300731
-0.000135609
-2.31E-06
2.62E-05
-9.23E-06
-1.15E-06
2.13E-06
-5.67E-07
1.51E-08
-3.31E-07
-2.70E-09
2.62E-06
-5.76E-06
-2.71E-06
3.68E-05
-6.22E-05
-7.34E-05
0.000493456
-0.000614865
-0.003396752
-0.003668874
-0.003445704
-0.003986705
-0.001439191
0.000250187
-0.002834486
-0.003953916
-0.003332635
-0.003869592
-0.002453012
0.000183157
0.000401068
-0.000335652
-0.000281076
0.002071926
0.004020016
0.00374809
0.002011104
-0.000772348
-0.003498225
-0.002685165
0.000574916
0.00342441
0.002808247
-0.000264111
-0.002737902
-0.004042738
-0.003631351
-0.001050165
0.000471699
-7.03E-06
-4.61E-05
-1.04E-05
-0.000139625
0.000535533
-0.000311658
-0.003553439
-0.002303272
0.000430077
-0.000432421
0.001361617
0.003844478
0.000894165
-0.00016715
0.000544105
-0.004471504
-0.007854846
-0.006762446
-0.007432243
-0.006299717
-0.001061743
0.002979344
0.003428892
0.000363249
-7.91E-05
9.68E-05
-0.003169508
-0.002882732
0.000269373
0.000368319
-0.000233374
-7.05E-05
0.000516436
-0.000592005
-0.003365785
-0.003715615
-0.00340715
-0.003838176
-0.001986731
0.000433583
0.000644076
-0.001458369
-0.003723046
-0.00350107
-0.003593319
-0.003653815
-0.001040621
0.000451789
-9.88E-05
0.000428096
-0.000521602
-0.003448821
-0.003192111
-0.003749305
-0.007426716
-0.004317086
0.000834267
0.000246493
-4.42E-06
0.000127263
-0.002409451
-0.00421281
-0.003634321
-0.001078136
0.000489561
5.79E-05
-0.000280074
-0.000109976
0.000956142
-0.003369047
-0.007642994
-0.006394956
-0.008784984
-0.010668441
-0.005039467
-0.002235641
-0.003551567
-0.004108108
-0.002476788
0.000107132
0.000168534
3.68E-05
0.000363008
-0.0019205
-0.003906969
-0.003479113
-0.00346436
-0.003419239
-0.002838838
-0.005132807
-0.007224616
-0.004359528
-0.002885537
-0.003554082
-0.003071392
-0.004138686
-0.006863155
-0.007679919
-0.006240952
-0.003631379
-0.002801171
-0.003757221
-0.005984224
-0.00929899
-0.010495978
-0.007301596
-0.00697348
-0.007113763
-0.001652507
0.000921734
-0.000184851
0.000695202
-0.001173877
-0.006568191
-0.009659051
-0.010553914
-0.010363781
-0.010255277
-0.010365397
-0.010459195
-0.009972679
-0.010389115
-0.013091534
-0.014379335
-0.01375236
-0.012328462
-0.007769533
-0.002958314
-0.005470779
-0.007241455
-0.006136014
-0.011039831
-0.01446883
-0.012740705
-0.018194642
-0.025603074
-0.027485615
-0.027593988
-0.027534818
-0.027678877
-0.027256733
-0.027392412
-0.030078911
-0.031385088
-0.030835394
-0.031761929
-0.029986395
-0.024591331
-0.021587178
-0.014964496
-0.001998091
0.004310166
0.007503741
0.013346242
0.013238501
0.009880368
0.010441224
0.009677526
0.006816614
0.004822781
0.002128609
-0.000330629
0.001832702
0.00403696
0.003498676
0.003298167
0.003494825
0.003522551
0.003222894
0.003494596
0.004481602
0.000862881
-0.004013143
-0.003222532
-0.004446832
-0.007333826
-0.004421975
-0.003476376
-0.006856346
-0.007401592
-0.0066859
-0.006758338
-0.00733987
-0.006656791
-0.003886867
-0.002932471
-0.003542006
-0.003795255
-0.002735416
-0.003160835
-0.008976523
-0.010460673
-0.006741672
-0.006401574
-0.007108106
-0.006929769
-0.006697814
-0.007030404
-0.00743928
-0.004855612
-0.003199235
-0.006168668
-0.00774602
-0.006792794
-0.004547691
-0.002069765
6.14E-05
0.001194562
-0.001705038
-0.006990953
-0.007542935
-0.006617085
-0.006827156
-0.007134517
-0.006734057
-0.006147237
-0.009372553
-0.010447412
-0.004051815
-0.004057334
-0.007426936
-0.004094015
-0.003741762
-0.007123626
-0.007182417
-0.006845417
-0.007125403
-0.005315938
-0.002471424
-0.000131253
0.000305961
-9.28E-05
-7.69E-05
0.000191028
-3.32E-05
-0.000843027
0.002047013
0.007279515
0.010865703
0.017443711
0.024593433
0.023133963
0.019111261
0.015048271
0.006166389
-0.00252004
-0.006652196
-0.007306635
-0.006781668
-0.006928222
-0.006723876
-0.00688995
-0.00882295
-0.012650205
-0.01739383
-0.021562646
-0.02665346
-0.031220461
-0.030381428
-0.025519217
-0.018491963
-0.010907251
-0.005516102
-0.003707816
-0.002779413
-0.003667978
-0.006870404
-0.006023699
-0.003061671
-0.003186638
-0.003612885
-0.003428476
-0.003417605
-0.003461001
-0.003450578
-0.003407957
-0.003483662
-0.003553605
-0.00300344
-0.003742025
-0.006577615
-0.00720651
-0.006819983
-0.007464169
-0.005383699
-0.003092351
-0.005690571
-0.007760108
-0.007045086
-0.004601496
-0.002800875
-0.003101202
-0.00560293
-0.007300878
-0.00682072
-0.007231444
-0.006671631
-0.003753198
-0.003312576
-0.003502966
-0.000863852
0.000876067
7.49E-05
-0.002923483
-0.00333347
-0.002790199
-0.008693488
-0.010279821
-0.006009838
-0.011433192
-0.0138655
-0.006462628
-0.009923941
-0.014520865
-0.00808223
-0.005942728
-0.007131318
-0.004433046
-0.002612363
-0.003370358
-0.005714021
-0.007232758
-0.005352945
-0.003928173
-0.000206282
0.000347578
-0.001664139
-0.004136974
-0.00653237
-0.007584968
-0.006698247
-0.00409558
-0.002667322
-0.003463648
-0.006141631
-0.007348817
-0.006843984
-0.006856001
-0.006869242
-0.00680201
-0.007361997
-0.006391173
-0.003576613
-0.00319084
-0.003470112
-0.002869054
-0.005322859
-0.007182633
-0.004024875
-0.003312596
-0.003686811
9.32E-05
-0.001395438
-0.007259983
-0.006944607
-0.007437687
-0.010660981
-0.008638922
-0.006375161
-0.00720613
-0.005432244
-0.002934163
-0.002861481
-0.004930752
-0.007202389
-0.007398493
-0.005988448
-0.003402998
-0.000355309
-0.000251259
-0.003275551
-0.006032116
-0.007225578
-0.006907642
-0.006809455
-0.006921153
-0.006935868
-0.006741198
-0.006945072
-0.007542544
-0.005120842
-0.003100037
-0.006459904
-0.006400761
-0.003148933
-0.003542015
-0.002906977
-4.57E-05
0.000883764
-0.000719813
-0.003458214
-0.00322748
-0.003733207
-0.007100041
-0.005439919
-0.003058155
-0.006097621
-0.007564719
-0.006796905
-0.006628399
-0.007280271
-0.007177104
-0.003914184
-0.003857076
-0.007237489
-0.005139785
-0.002950491
-0.003868051
-0.001540996
0.000302056
-0.002400221
-0.005626476
-0.007101913
-0.006325332
-0.00838345
-0.010746557
-0.007408049
-0.007393534
-0.010746685
-0.00837074
-0.006370712
-0.007199628
-0.00517941
-0.002826225
-0.002938147
-0.005240067
-0.007267494
-0.007009793
-0.006765473
-0.006910803
-0.006951955
-0.006775583
-0.006831967
-0.007581354
-0.005757641
-0.002973972
-0.006064073
-0.006602936
-0.002719888
-0.007164428
-0.011051826
-0.007288266
-0.006530807
-0.006944858
-0.004225107
-0.00247236
-0.003467011
-0.006797224
-0.006061828
-0.003032074
-0.005509397
-0.007509709
-0.006804377
-0.007203796
-0.006472958
-0.003714018
-0.002630885
-0.003822419
-0.006453603
-0.007575981
-0.006744606
-0.004517263
-0.001759114
0.000201959
7.10E-05
8.40E-05
0.000181146
-0.001825775
-0.004580974
-0.006783183
-0.007574705
-0.006398134
-0.003768231
-0.00262972
-0.003769916
-0.006525056
-0.007196679
-0.006812991
-0.007474196
-0.005497599
-0.003080374
-0.005641583
-0.007612313
-0.00695602
-0.006126945
-0.007754534
-0.010750041
-0.008198449
-0.00677698
-0.010426418
-0.009192775
-0.006375616
-0.007061058
-0.006055884
-0.003126665
-0.000534442
0.000349712
-3.64E-05
-5.05E-05
2.55E-05
-5.14E-07
-5.04E-06
2.38E-06
1.79E-06
-7.25E-06
4.94E-06
2.69E-05
-8.43E-05
2.28E-05
0.000404821
-0.001050427
-0.003680002
-0.005643446
-0.00849171
-0.010668048
-0.0082347
-0.006260638
-0.006854681
-0.00718371
-0.006665794
-0.006286355
-0.009374443
-0.010347339
-0.006188564
-0.010050508
-0.014493094
-0.008270157
-0.006302573
-0.007318022
-0.001472174
0.000193781
-0.003623914
-0.003926435
-0.00323362
-0.003439619
-0.003483325
-0.003433265
-0.003453909
-0.003409115
-0.00346201
-0.003616739
-0.00297659
-0.003448978
-0.006813987
-0.005987266
-0.003019111
-0.005617468
-0.007508861
-0.006794781
-0.007218029
-0.00640489
-0.003651213
-0.002611821
-0.003909316
-0.00660821
-0.007291219
-0.006792303
-0.006854056
-0.006920986
-0.006884155
-0.006885495
-0.006892336
-0.006889595
-0.006885642
-0.006894866
-0.006897565
-0.006843688
-0.00693859
-0.007035104
-0.00630833
-0.007267392
-0.010583781
-0.008796378
-0.006523035
-0.009976795
-0.009860345
-0.006557672
-0.005930995
-0.008290917
-0.010705266
-0.008124671
-0.006499375
-0.00731108
-0.004528217
-0.003365666
-0.006614974
-0.007425
-0.006741423
-0.006837286
-0.006966918
-0.006877983
-0.006703222
-0.007295128
-0.007066064
-0.003709896
-0.004105456
-0.007341013
-0.004573571
-0.003393146
-0.006789701
-0.007396333
-0.006720728
-0.006863069
-0.00693121
-0.006878847
-0.006885279
-0.00689463
-0.006888967
-0.006878724
-0.006911106
-0.006902545
-0.006746236
-0.007115895
-0.007204639
-0.004612166
-0.003103709
-0.00380684
-0.001660845
0.000459338
-2.67E-05
0.000258102
-8.06E-05
-0.002870102
-0.00393182
-0.003366976
-0.003385807
-0.003480901
-0.003441307
-0.003442518
-0.003442648
-0.003436748
-0.003487473
-0.003400882
-0.003302919
-0.003990626
-0.003118337
0.00011729
-0.001157513
-0.00387747
-0.003016466
-0.004807515
-0.007281258
-0.004421891
-0.003106822
-0.003799866
-0.000744653
-0.000166546
-0.003506007
-0.003336702
-0.003803812
-0.007066831
-0.005626983
-0.002921802
-0.003408341
-0.003270048
-0.003422688
-0.006080065
-0.007581678
-0.006926571
-0.004991938
-0.001898331
0.000357785
-0.002115637
-0.003839952
-0.002999872
-0.005668032
-0.007039679
-0.003827242
-0.002887067
-0.003581065
-0.003492487
-0.003403244
-0.003452539
-0.003437415
-0.003466489
-0.003462457
-0.003273551
-0.003706496
-0.003841341
-0.000819845
-7.32E-05
-0.003388469
-0.003409995
-0.003651082
-0.006925292
-0.005950932
-0.002941334
-0.002734031
-0.004877817
-0.007142426
-0.006922565
-0.007085843
-0.007182104
-0.004100492
-0.003627326
-0.006866719
-0.007342985
-0.006724572
-0.006862081
-0.006959104
-0.006861516
-0.006750627
-0.007280562
-0.00684972
-0.003967894
-0.003270794
-0.003640104
-0.000895016
0.000369437
-0.000216619
0.001659992
0.00460618
0.006856293
0.007085498
0.006858557
0.007122081
0.006066093
0.007242833
0.01299067
0.014211752
0.013589759
0.017238575
0.015966268
0.013076432
0.019524146
0.019892641
0.013166361
0.0161494
0.016811136
0.010251445
0.011206754
0.014557583
0.014087583
0.013053673
0.013983325
0.01736537
0.015926132
0.013330787
0.016990616
0.016217693
0.013034615
0.019159977
0.020306035
0.013621755
0.013585517
0.013376322
0.009728174
0.013415576
0.018235707
0.017495076
0.016840547
0.017299223
0.017757538
0.01596976
0.013515752
0.013719487
0.013601586
0.013464739
0.016539162
0.017052256
0.013793771
0.013483435
0.013786679
0.013219604
0.015990083
0.017378468
0.013747485
0.014951048
0.017654605
0.014731996
0.013088036
0.013847525
0.014015196
0.013485905
0.013484495
0.016142042
0.017523294
0.016800705
0.019355788
0.020898821
0.018045221
0.01502059
0.013528652
0.013816883
0.01352666
0.013731415
0.016431813
0.017748189
0.017187667
0.016982333
0.017513484
0.017598718
0.014659957
0.01377337
0.016922549
0.018201756
0.016743549
0.013896354
0.013992018
0.013717235
0.009802611
0.012722912
0.017947189
0.014616503
0.013956542
0.017446475
0.017503906
0.017216532
0.017553334
0.015216224
0.013290339
0.013731919
0.013863712
0.013763654
0.013889568
0.013450013
0.013818366
0.016447009
0.017984885
0.017267989
0.014804009
0.013014267
0.013481452
0.016597445
0.017042937
0.013825415
0.013457761
0.013815078
0.013300725
0.0156452
0.017540437
0.015134768
0.011195866
0.013855117
0.019363953
0.019715525
0.015480069
0.011040245
0.015459671
0.013350398
0.016094577
0.017276834
0.013895275
0.013408063
0.013831512
0.013245749
0.015680864
0.017503858
0.014596591
0.01286531
0.013828647
0.016371062
0.017913227
0.017361125
0.014952892
0.013056824
0.013376761
0.016439679
0.01715643
0.013912715
0.013566515
0.013743161
0.012635444
0.017482901
0.02125814
0.015343294
0.012545344
0.013953859
0.013959764
0.013641645
0.013741256
0.014126122
0.013317364
0.012901269
0.018723661
0.020737576
0.014266251
0.01300514
0.013921089
0.012652689
0.017242728
0.021313478
0.015527304
0.012524812
0.013930458
0.013972858
0.013644683
0.013733191
0.014121256
0.013365433
0.012838659
0.018525264
0.020852979
0.014452564
0.01282277
0.013998226
0.013267463
0.015337278
0.017569708
0.014920828
0.012792016
0.013615377
0.016805753
0.016857937
0.013672103
0.013686117
0.0135804
0.012792181
0.018299181
0.020959979
0.014607804
0.01278204
0.014001436
0.01327084
0.015238656
0.017578783
0.015014915
0.012810735
0.013554472
0.016728447
0.016932671
0.013724921
0.013658792
0.013621842
0.012741228
0.018116212
0.021040329
0.01472349
0.012872837
0.013984846
0.012633526
0.016647807
0.021397041
0.016087103
0.012494958
0.013849613
0.014010087
0.013655881
0.013710248
0.014104732
0.013500483
0.012675919
0.017959908
0.021108724
0.01488389
0.012837783
0.013999089
0.012633653
0.016459023
0.021410364
0.01623179
0.012570005
0.013919261
0.013392689
0.014407569
0.017490222
0.015735053
0.013197046
0.013680247
0.013900995
0.01375076
0.013886802
0.013481135
0.013732166
0.016302922
0.017967813
0.017356348
0.014891253
0.013125967
0.013490917
0.015844151
0.01779451
0.017626812
0.01546316
0.013274856
0.013098728
0.015775907
0.017485978
0.014529154
0.013191654
0.013871237
0.013755137
0.013915248
0.013951082
0.011962945
0.00916732
0.006934962
0.006498916
0.007104561
0.007345077
0.005064092
0.003071489
0.003679836
0.002487247
-0.000390901
-0.002924313
-0.003872524
-0.003436381
-0.002898329
-0.004333625
-0.006975664
-0.007222557
-0.006728152
-0.006815033
-0.007230988
-0.006621198
-0.005734288
-0.011105574
-0.01420982
-0.007544429
-0.007390257
-0.010880374
-0.007972838
-0.006175473
-0.006967316
-0.006966974
-0.006877811
-0.006948232
-0.006555611
-0.007275462
-0.009802542
-0.012623986
-0.014071634
-0.013653748
-0.01428951
-0.013632817
-0.009882649
-0.012492667
-0.017885357
-0.017082044
-0.018155875
-0.021052296
-0.018686694
-0.01651273
-0.017133249
-0.017816245
-0.016698133
-0.013931316
-0.013484312
-0.013831191
-0.013386257
-0.015079902
-0.017604352
-0.018109175
-0.015405048
-0.01336725
-0.017287001
-0.015711391
-0.009736759
-0.012510729
-0.013768386
-0.010051316
-0.011791454
-0.014425563
-0.013858502
-0.013655163
-0.013803913
-0.013647087
-0.014156963
-0.013774345
-0.010825214
-0.010310268
-0.010638847
-0.006746319
-0.00832715
-0.014335312
-0.011592024
-0.010422197
-0.014384192
-0.010553653
-0.005784322
-0.006613578
-0.007442082
-0.006727083
-0.005585686
-0.01031237
-0.014470381
-0.008244344
-0.00689994
-0.010802529
-0.008597454
-0.005869601
-0.006452037
-0.009919914
-0.00991515
-0.006060476
-0.010913842
-0.014227753
-0.007726827
-0.006068918
-0.007072655
-0.004290585
-0.00255307
-0.003443065
-0.006131382
-0.007297375
-0.006810205
-0.007186074
-0.006405567
-0.003779477
-0.001181283
0.00046416
0.000460447
-0.001812414
-0.003846765
-0.003552982
-0.003328692
-0.00346819
-0.003456925
-0.003435887
-0.003445942
-0.003445976
-0.003444167
-0.003444862
-0.003444678
-0.003445037
-0.00344543
-0.003441874
-0.003447255
-0.003455462
-0.003408353
-0.003459939
-0.003608812
-0.003010511
-0.003425234
-0.006649044
-0.006312656
-0.003193873
-0.003100169
-0.003631862
-0.003462371
-0.003279411
-0.003612109
-0.003857674
-0.001476933
0.000373874
-0.000317746
0.001298443
0.003899129
0.005379738
0.010101484
0.01435545
0.01157778
0.009494991
0.007503492
-0.001688202
-0.010311231
-0.013855324
-0.013728964
-0.014048733
-0.01502802
-0.008330257
-0.00221983
-0.00371249
-0.001979847
0.000379382
-0.002487628
-0.00437238
-0.003451881
-0.000944582
0.00069989
0.000217065
-0.002384716
-0.003863917
-0.003361944
-0.003808779
-0.003063302
-0.0002386
0.000425428
-0.000113415
-3.32E-05
3.38E-05
-6.50E-06
-3.65E-06
2.58E-06
-3.08E-07
-3.55E-07
1.88E-07
-9.74E-09
-1.95E-08
-2.06E-09
-3.62E-08
1.60E-07
-1.28E-07
-6.10E-07
2.02E-06
-7.30E-07
-9.31E-06
2.39E-05
2.56E-06
-0.000133879
0.000268822
0.00018407
-0.002388892
-0.003964362
-0.003461714
-0.003207716
-0.003640455
-0.003909683
-0.001348756
0.000264273
-0.000955927
0.00334933
0.007564634
0.004229366
0.003014799
0.003638866
0.000942376
-0.000557602
4.14E-05
9.63E-05
-5.37E-05
-2.53E-05
0.000136073
-0.000127977
-0.000434457
0.001805448
0.003836523
0.003292564
0.004078944
0.003388707
-0.002280149
-0.004050653
-0.003159343
-0.006334961
-0.006581509
-0.003313555
-0.003031958
-0.003630737
-0.003477256
-0.003287134
-0.003561672
-0.003890599
-0.001752704
0.000393583
-2.52E-06
0.000227216
3.28E-05
-0.002737423
-0.003865977
-0.003341445
-0.003918095
-0.002598259
0.000158326
-0.000279895
0.000579204
0.003731451
0.001871822
-0.000495945
0.000338806
-0.001419662
-0.003867907
-0.003638467
-0.003224253
-0.003453654
-0.003927727
-0.002501611
0.000109222
0.000782107
-0.000883478
-0.003478379
-0.003639628
-0.003454584
-0.003838005
-0.001689165
0.00044774
0.000128968
-0.000196071
3.97E-05
0.000378911
-0.000914984
-0.003604228
-0.006187099
-0.00735124
-0.006956475
-0.005663533
-0.001452057
0.003758417
0.001920317
-0.000549173
0.000453504
-0.001964587
-0.00369651
-0.000528134
0.000455485
-0.000109576
0.000682025
-0.00165523
-0.007074776
-0.012183024
-0.014828991
-0.014128444
-0.010297127
-0.004652482
0.000138875
-0.000897427
-0.004455237
-0.006754324
-0.007013158
-0.006877986
-0.007532364
-0.005114077
-0.003092925
-0.006632164
-0.006046727
-0.002912732
-0.006531579
-0.005949009
0.000191839
0.000191562
0.000356214
0.003675295
0.002070088
-0.000584949
-0.000122014
0.00015528
-3.52E-05
-1.21E-05
5.85E-06
-3.35E-06
3.53E-05
-6.85E-05
-5.95E-05
0.00050108
-0.000717395
-0.003459514
-0.003671929
-0.003439985
-0.003848029
-0.00171371
0.000432178
7.77E-05
-2.49E-05
1.34E-05
-0.000494277
0.001181824
0.003696886
0.003561705
0.003527862
0.003686655
0.001345405
-0.000675137
-0.000373355
0.002063505
0.003877604
0.003507592
0.00333991
0.003472041
0.003453281
0.003436463
0.003446334
0.003445896
0.003443769
0.003444644
0.003447454
0.003440582
0.003439317
0.00347906
0.003404491
0.003342536
0.003884049
0.003114721
0.000312644
-0.000435646
0.000103999
3.89E-05
-3.41E-05
5.65E-06
4.06E-06
-2.57E-06
2.35E-07
3.84E-07
-1.86E-07
1.11E-09
3.73E-08
-1.64E-08
-1.21E-08
4.59E-08
-2.81E-08
-1.75E-07
5.25E-07
-1.03E-07
-2.60E-06
6.11E-06
1.85E-06
-3.68E-05
6.71E-05
6.37E-05
-0.000498373
0.000685187
0.003438714
0.0036811
0.0034328
0.003852328
0.001758518
-0.000428548
-0.000119763
0.000125296
-2.48E-05
-1.26E-05
7.95E-06
-1.96E-06
9.22E-06
-1.71E-05
-2.10E-05
0.000140894
-0.000175398
-0.000402286
0.002080606
0.003780516
0.002952745
0.005387479
0.007152524
0.003974479
0.00315487
0.003574622
0.000962319
-0.00082147
-0.000123215
0.002532278
0.003853482
0.003355751
0.003826795
0.00295485
0.000164679
-0.000516601
0.000204782
0.000489537
-0.001610938
-0.00380808
-0.003463154
-0.003640689
-0.003534493
-0.000845727
0.000509401
-4.14E-05
-8.07E-05
4.04E-05
6.49E-06
-4.08E-05
3.66E-05
0.000112944
-0.000428846
0.000248708
0.003075883
0.00379984
0.003363744
0.003896434
0.002298625
-0.000251858
-0.000242057
0.000135917
-9.46E-06
-1.29E-05
-2.51E-06
-2.51E-05
0.000119339
-0.000106604
-0.000431049
0.0016791
0.003857013
0.003572517
0.00331376
0.003468268
0.00349442
0.003358858
0.003404623
0.003945613
0.002616465
-6.85E-05
-0.000322101
0.000131749
7.45E-06
-2.74E-05
8.76E-06
1.57E-06
-2.24E-06
5.41E-07
2.11E-07
-2.09E-07
2.49E-08
2.10E-07
-3.88E-07
-2.69E-07
2.60E-06
-3.92E-06
-6.10E-06
3.43E-05
-3.67E-05
-0.000109387
0.00043548
-0.000281828
-0.003108519
-0.003798238
-0.003366028
-0.003860114
-0.002339278
0.000246474
0.000744501
-0.00110051
-0.003586308
-0.003586298
-0.003501693
-0.003781984
-0.001452845
0.000486132
6.86E-05
-0.000150862
5.11E-05
0.00017203
-0.000470774
3.93E-05
0.003308843
0.002702366
-0.000331732
0.000224782
-0.00076046
-0.003616757
-0.003302672
-0.003910124
-0.006808797
-0.007292294
-0.00675554
-0.006867804
-0.006924635
-0.00688023
-0.006877012
-0.006917588
-0.006890407
-0.006749039
-0.007178392
-0.007067758
-0.003813421
0.003853162
0.013482113
0.018465711
0.022036032
0.024842425
0.020241347
0.0113331
0.00230061
-0.005730623
-0.01125036
-0.013309873
-0.014542359
-0.013858217
-0.009742459
-0.012584287
-0.020989974
-0.024261318
-0.031071803
-0.041441526
-0.041556943
-0.03585852
-0.029178255
-0.021219955
-0.011290198
0.000351635
0.009941903
0.014423241
0.014017614
0.024392347
0.039263611
0.041183666
0.042129257
0.047703872
0.055520575
0.059776509
0.060794144
0.067498901
0.062574866
0.040169793
0.033041128
0.034780936
0.032025599
0.029112815
0.027332541
0.025857068
0.02108731
0.013549639
0.006589191
0.000746292
-0.003410606
-0.004778379
-0.002187783
0.003050177
0.005337341
0.007684384
0.01264436
0.016624624
0.017265706
0.014192023
0.01370955
0.013924333
0.010424984
0.011324952
0.014355543
0.009633249
0.00526141
0.00391025
0.000248698
0.000606837
0.006614336
0.007524094
0.006791357
0.007843981
0.003630187
-0.00069312
0.002053881
0.005369009
0.007032494
0.007352686
0.006174491
0.003596614
0.000349681
0.000331509
0.00344688
0.003744543
0.00341328
0.003854034
0.001713512
-0.000418225
1.38E-05
-0.000244065
1.06E-05
0.002811378
0.0038412
0.003337173
0.004016285
0.002366916
-0.000363646
0.001951955
0.004035121
0.003378219
0.003734238
0.003134805
0.000390209
-0.000844418
0.000283696
0.00302717
0.003783763
0.003362393
0.003907643
0.002380982
-0.000215901
-0.000134071
-7.55E-05
-0.000294658
0.002130829
0.003944835
0.003479739
0.003330548
0.003483926
0.003483656
0.003332912
0.003477661
0.003935936
0.002163914
-0.000287293
-0.000217356
0.000138718
-7.64E-06
-5.64E-05
6.27E-05
8.76E-05
-0.00047763
0.000492493
0.003301807
0.003723514
0.003403766
0.003925478
0.001861918
-0.000344983
0.000461357
-0.001381251
-0.003823277
-0.001106747
0.00059016
-9.73E-05
0.000315922
-0.000520563
-0.003221564
-0.004704539
-0.002503496
0.002920385
0.004528335
0.003092737
0.000953115
-0.002044357
-0.003691852
-0.001441385
0.00193097
0.003702569
0.001598733
-0.001380332
-0.003425886
-0.004141632
-0.002767249
-8.85E-05
0.000368105
-0.00012337
-5.02E-05
0.000129971
-4.42E-05
-0.000465114
0.001267361
0.003742821
0.003989636
0.002595576
4.95E-05
-0.003027702
-0.003241761
-0.000242509
0.002405267
0.003904106
0.003839974
0.001653894
-0.000496434
-0.000523581
0.001572011
0.003811167
0.003961467
0.002374884
-0.000182311
-0.002673376
-0.004072589
-0.003635888
-0.001061564
0.000473591
3.38E-06
-9.00E-05
3.30E-05
5.68E-06
-1.51E-05
6.34E-06
3.27E-05
-9.30E-05
1.06E-05
0.00047437
-0.001111265
-0.003663264
-0.004024488
-0.002707024
-0.000214458
0.002926994
0.003305045
0.000320718
-0.002816348
0.001559741
0.002062712
0.002062712